timedelay

11.852  11.928  11.764  11.899  11.915  23.927  11.735  11.925  -0.0139  0.0381  11.92  0.1426  -0.0747  24.103  24.046  0.0619  0.0657  0.0325  -0.0261   
11.915  10.695  11.913  11.915  11.814  24.026  11.934  11.8    0.0666  -0.4998  11.876  0      0.022    24.016  24.284  0.0457  0.0551  0.0191  -0.03

delayminusfirstchannel

0  -0.564753  -4.62291  -4.84402  -4.05943  6.32389  -34.4035  -35.3113  -17.0374  -17.3734  -6.04608  -11.9614  -12.7579  8.79609  3.8467  -17.2994  -17.6424  -46.4749  -47.9736  
62.4177  60.2293  57.5805  55.8839  58.0891  68.7116  28.5345  27.2963  45.803  44.4412  57.1921  50.2751  50.1588  70.8001  67.9702  45.8064  45.9848  16.0924  16.2548

delay
0  -0.564753  -4.62291  -4.84402  -4.05943  6.32389  -9.4035  -10.3113  -17.0374  -17.3734  -6.04608  -11.9614  -12.7579  8.79609  3.8467  -17.2994  -17.6424  -21.4749  -22.9736  
0  -2.1707    -4.8195   -6.5161   -4.3109   6.3116   -8.8655  -10.1037  -16.5970  -17.9588  -5.2079   -12.1249  -12.2412  8.4001   5.5702  -16.5936  -16.4152  -21.3076  -21.1452

mVpdDelay
0	0	0	0	0  	0  -25. -25. 0	0  	0	0	0	0	0  	0	0  -25.	-25.
0	0	0	0	0   0  -25. -25. 0	0	0	0	0	0	0	0   0  -25.	-25.  

cutlow
2828  2825  2826  2826  2832  2831  2835  2831  2836  2832  2832  2829  2833  2830  2833  
2831  2824  2826  2825  2824  2827  2836  2833  2830  2829  2831  2838  2833  2837  2838  
2836  2838  2850  2841  2847  2845  2845  2846  2843  2838  2837  2836  2835  2835  2829  
2824  2830  2829  2828  2827  2806  2807  2807  2814  2815  2818  2813  2821  2826  2828  
2891  2901  2891  2894  2891  2897  2894  2900  2899  2899  2898  2904  2905  2904  2898  
2904  2907  2912  2916  2916  2908  2914  2908  2914  2903  2902  2907  2901  2901  2898  
2895  2894  2897  2896  2896  2906  2903  2908  2907  2914  2911  2698  2913  2915  2915  
2916  2914  2913  2913  2912  2914  2909  2905  2908  2902  2898  2902  2895  2899  2899  
2857  2921
cuthi
2903  2900  2901  2901  2907  2906  2910  2906  2911  2907  2907  2904  2908  2905  2908  
2906  2899  2901  2900  2899  2902  2911  2908  2905  2904  2906  2913  2908  2912  2913  
2911  2913  2925  2916  2922  2920  2920  2921  2918  2913  2912  2911  2910  2910  2904  
2899  2905  2904  2903  2902  2881  2882  2882  2889  2890  2893  2888  2896  2901  2903  
2966  2976  2966  2969  2966  2972  2969  2975  2974  2974  2973  2979  2980  2979  2973  
2979  2982  2987  2991  2991  2983  2989  2983  2989  2978  2977  2982  2976  2976  2973  
2970  2969  2972  2971  2971  2981  2978  2983  2982  2989  2986  2773  2988  2990  2990  
2991  2989  2988  2988  2987  2989  2984  2980  2983  2977  2973  2977  2970  2974  2974  
2932  2996

mMRPC2TDIGChan
14  5  10  0  15  7  6  11  2  20  4  23  22  1  19  3  18  8  9  21  12  17  13  16  38  29  34  24  39  31  30  35  26  44  28  47  46  25  43  27  42  32  33  45  36  41  37  40  62  53  58  48  63  55  54  59  50  68  52  71  70  49  67  51  66  56  57  69  60  65  61  64  86  77  82  72  87  79  78  83  74  92  76  95  94  73  91  75  90  80  81  93  84  89  85  88  110  101  106  96  111  103  102  107  98  116  100  119  118  97  115  99  114  104  105  117  108  113  109  112  134  125  130  120  135  127  126  131  122  140  124  143  142  121  139  123  138  128  129  141  132  137  133  136  158  149  154  144  159  151  150  155  146  164  148  167  166  145  163  147  162  152  153  165  156  161  157  160  182  173  178  168  183  175  174  179  170  188  172  191  190  169  187  171  186  176  177  189  180  185  181  184

mTDIG2MRPCChan
3  13  8  15  10  1  6  5  17  18  2  7  20  22  0  4  23  21  16  14  9  19  12  11  27  37  32  39  34  25  30  29  41  42  26  31  44  46  24  28  47  45  40  38  33  43  36  35  51  61  56  63  58  49  54  53  65  66  50  55  68  70  48  52  71  69  64  62  57  67  60  59  75  85  80  87  82  73  78  77  89  90  74  79  92  94  72  76  95  93  88  86  81  91  84  83  99  109  104  111  106  97  102  101  113  114  98  103  116  118  96  100  119  117  112  110  105  115  108  107  123  133  128  135  130  121  126  125  137  138  122  127  140  142  120  124  143  141  136  134  129  139  132  131  147  157  152  159  154  145  150  149  161  162  146  151  164  166  144  148  167  165  160  158  153  163  156  155  171  181  176  183  178  169  174  173  185  186  170  175  188  190  168  172  191  189  184  182  177  187  180  179

upvpdLEchan
5  22  12  29  46  36  53  70  60  101  0  24  118  108  125  142  132  48  96
5  22  12  29  46  36  53  70  60  101  0  24  118  108  125  142  132  48  96

upvpdTEchan
5  22  12  29  46  36  53  70  60  101  0  24  118  108  125  142  132  48  96
5  22  12  29  46  36  53  70  60  101  0  24  118  108  125  142  132  48  96
